Polygon 1 vertices:
[113.94646768854217, 22.496870244458506]
[113.94646768854217, 22.493067906552238]
[113.94626751902909, 22.492902587512837]
[113.94626751902909, 22.490257482882388]
[113.94706819708142, 22.490257482882388]
[113.94766870562067, 22.490753440000596]
[113.94786887513375, 22.490753440000596]
[113.948469383673, 22.491249397118807]
[113.948469383673, 22.492737268473434]
[113.9486695531861, 22.492902587512837]
[113.9486695531861, 22.493894501749253]
[113.948469383673, 22.494059820788657]
[113.948469383673, 22.494555777906868]
[113.94826921415992, 22.494721096946268]
[113.94826921415992, 22.49521705406448]
[113.94806904464684, 22.49538237310388]
[113.94806904464684, 22.49587833022209]
[113.94786887513375, 22.496043649261495]
[113.94786887513375, 22.496539606379702]
[113.94746853610759, 22.496870244458506]
[113.94646768854217, 22.496870244458506]
Polygon 2 vertices:
[113.94906989221225, 22.51207959608358]
[113.94806904464684, 22.51207959608358]
[113.94746853610759, 22.511583638965373]
[113.94746853610759, 22.51092236280776]
[113.9472683665945, 22.510757043768358]
[113.9472683665945, 22.50959981049254]
[113.94706819708142, 22.509434491453135]
[113.94706819708142, 22.508277258177316]
[113.94686802756834, 22.508111939137912]
[113.94686802756834, 22.50645874874388]
[113.94706819708142, 22.50645874874388]
[113.94746853610759, 22.506128110665074]
[113.94766870562067, 22.50579747258627]
[113.94766870562067, 22.50530151546806]
[113.9472683665945, 22.504970877389255]
[113.9472683665945, 22.502821729877017]
[113.94746853610759, 22.502656410837613]
[113.94746853610759, 22.501664496601194]
[113.9472683665945, 22.50149917756179]
[113.94706819708142, 22.500507263325375]
[113.94686802756834, 22.50034194428597]
[113.94686802756834, 22.49753152061612]
[113.94766870562067, 22.49753152061612]
[113.9496704007515, 22.50034194428597]
[113.9496704007515, 22.502325772758805]
[113.94927006172534, 22.502987048916417]
[113.94927006172534, 22.503483006034628]
[113.94906989221225, 22.503648325074032]
[113.94906989221225, 22.50414428219224]
[113.94886972269917, 22.504309601231643]
[113.9486695531861, 22.50513619642866]
[113.94906989221225, 22.505466834507462]
[113.94947023123842, 22.505466834507462]
[113.95007073977767, 22.50596279162567]
[113.95007073977767, 22.506624067783285]
[113.94947023123842, 22.5074506629803]
[113.9496704007515, 22.5076159820197]
[113.95087141783, 22.5076159820197]
[113.95087141783, 22.508277258177316]
[113.95107158734308, 22.508442577216716]
[113.95107158734308, 22.508938534334927]
[113.95127175685617, 22.509103853374327]
[113.95127175685617, 22.509765129531942]
[113.95107158734308, 22.509765129531942]
[113.95047107880384, 22.51026108665015]
[113.95067124831692, 22.510426405689554]
[113.95067124831692, 22.511087681847165]
[113.9496704007515, 22.51191427704418]
[113.94927006172534, 22.51191427704418]
[113.94906989221225, 22.51207959608358]
Polygon 3 vertices:
[114.054158886581, 22.52299065268418]
[114.05335820852866, 22.52299065268418]
[114.05335820852866, 22.522825333644775]
[114.05275769998941, 22.522329376526567]
[114.05235736096326, 22.522329376526567]
[114.05235736096326, 22.522164057487164]
[114.05195702193708, 22.52183341940836]
[114.05195702193708, 22.520676186132537]
[114.051756852424, 22.520510867093133]
[114.051756852424, 22.520345548053733]
[114.05155668291091, 22.52018022901433]
[114.05155668291091, 22.5185270386203]
[114.051756852424, 22.518361719580895]
[114.05275769998941, 22.518361719580895]
[114.0529578695025, 22.5185270386203]
[114.05315803901559, 22.5185270386203]
[114.05335820852866, 22.518692357659702]
[114.05355837804176, 22.518692357659702]
[114.05375854755484, 22.5185270386203]
[114.05455922560716, 22.5185270386203]
[114.05495956463334, 22.518857676699106]
[114.05515973414641, 22.518857676699106]
[114.05535990365951, 22.519022995738506]
[114.05535990365951, 22.51918831477791]
[114.05556007317259, 22.519353633817314]
[114.05556007317259, 22.520510867093133]
[114.05535990365951, 22.520676186132537]
[114.05535990365951, 22.521006824211344]
[114.05475939512026, 22.521502781329552]
[114.05475939512026, 22.521668100368956]
[114.05435905609409, 22.521998738447763]
[114.05435905609409, 22.522329376526567]
[114.054158886581, 22.52249469556597]
[114.054158886581, 22.52299065268418]
Polygon 4 vertices:
[113.95107158734308, 22.52299065268418]
[113.95107158734308, 22.52183341940836]
[113.95147192636925, 22.521502781329552]
[113.95307328247392, 22.521502781329552]
[113.95307328247392, 22.521668100368956]
[113.95367379101317, 22.522164057487164]
[113.95387396052625, 22.521998738447763]
[113.95427429955242, 22.521998738447763]
[113.9544744690655, 22.52183341940836]
[113.95487480809167, 22.52183341940836]
[113.95547531663092, 22.521502781329552]
[113.95587565565708, 22.521502781329552]
[113.95647616419633, 22.521172143250748]
[113.9568765032225, 22.521172143250748]
[113.95707667273558, 22.521006824211344]
[113.95827768981408, 22.521006824211344]
[113.95847785932717, 22.52084150517194]
[113.95947870689258, 22.52084150517194]
[113.95967887640568, 22.521006824211344]
[113.96067972397108, 22.521006824211344]
[113.96067972397108, 22.521172143250748]
[113.96087989348418, 22.52133746229015]
[113.96087989348418, 22.521998738447763]
[113.95987904591875, 22.521998738447763]
[113.95967887640568, 22.522164057487164]
[113.95907836786643, 22.522164057487164]
[113.95887819835333, 22.522329376526567]
[113.95827768981408, 22.522329376526567]
[113.958077520301, 22.52249469556597]
[113.95747701176175, 22.52249469556597]
[113.95727684224867, 22.522660014605375]
[113.95647616419633, 22.522660014605375]
[113.95627599468325, 22.522825333644775]
[113.95547531663092, 22.522825333644775]
[113.95527514711783, 22.52299065268418]
[113.95107158734308, 22.52299065268418]
Polygon 5 vertices:
[113.9486695531861, 22.526462352511643]
[113.94666785805525, 22.524974481157017]
[113.946067349516, 22.524974481157017]
[113.946067349516, 22.52414788596]
[113.94646768854217, 22.52414788596]
[113.94706819708142, 22.523817247881194]
[113.94686802756834, 22.52365192884179]
[113.94686802756834, 22.522825333644775]
[113.9472683665945, 22.52249469556597]
[113.9472683665945, 22.522329376526567]
[113.94886972269917, 22.522329376526567]
[113.94906989221225, 22.522164057487164]
[113.94886972269917, 22.521172143250748]
[113.9486695531861, 22.521006824211344]
[113.9486695531861, 22.517204486305076]
[113.94886972269917, 22.517039167265672]
[113.948469383673, 22.51637789110806]
[113.948469383673, 22.515551295911045]
[113.94826921415992, 22.51538597687164]
[113.94826921415992, 22.513898105517015]
[113.94906989221225, 22.513236829359403]
[113.9498705702646, 22.513236829359403]
[113.95047107880384, 22.51373278647761]
[113.95047107880384, 22.51406342455642]
[113.95087141783, 22.51472470071403]
[113.95087141783, 22.51571661495045]
[113.95067124831692, 22.515881933989853]
[113.95067124831692, 22.51637789110806]
[113.95107158734308, 22.516708529186864]
[113.95127175685617, 22.516708529186864]
[113.95147192636925, 22.51968427189612]
[113.95067124831692, 22.521006824211344]
[113.95067124831692, 22.522164057487164]
[113.95027090929075, 22.522660014605375]
[113.95027090929075, 22.52299065268418]
[113.95007073977767, 22.523155971723583]
[113.94947023123842, 22.523155971723583]
[113.94927006172534, 22.52348660980239]
[113.9486695531861, 22.52348660980239]
[113.94826921415992, 22.523817247881194]
[113.948469383673, 22.523982566920598]
[113.94906989221225, 22.523982566920598]
[113.94947023123842, 22.5243132049994]
[113.94947023123842, 22.525139800196417]
[113.9498705702646, 22.52530511923582]
[113.9498705702646, 22.526131714432836]
[113.94947023123842, 22.526462352511643]
[113.9486695531861, 22.526462352511643]
Polygon 6 vertices:
[113.96568396179816, 22.522164057487164]
[113.9664846398505, 22.52084150517194]
[113.97369074232151, 22.52133746229015]
[113.97549226793926, 22.52018022901433]
[113.97729379355701, 22.52018022901433]
[113.98109701430559, 22.521668100368956]
[113.98750243872425, 22.521668100368956]
[113.99110548995975, 22.523817247881194]
[113.9953090497345, 22.52299065268418]
[113.99951260950925, 22.524809162117613]
[113.99891210097, 22.526792990590447]
[113.99951260950925, 22.527619585787463]
[114.00471701684943, 22.52745426674806]
[114.00531752538868, 22.526462352511643]
[114.01412498396434, 22.522329376526567]
[114.01512583152976, 22.522329376526567]
[114.01592650958209, 22.523321290762986]
[114.01612667909517, 22.52133746229015]
[114.02213176448767, 22.519518952856718]
[114.02233193400075, 22.5185270386203]
[114.02433362913159, 22.517204486305076]
[114.02433362913159, 22.516212572068657]
[114.02733617182784, 22.514228743595822]
[114.027736510854, 22.511087681847165]
[114.02853718890634, 22.510591724728954]
[114.02733617182784, 22.50860789625612]
[114.03053888403717, 22.507781301059104]
[114.032540579168, 22.510426405689554]
[114.03294091819417, 22.513236829359403]
[114.02553464621009, 22.522164057487164]
[114.02373312059234, 22.521998738447763]
[114.02073057789609, 22.523155971723583]
[114.01852871325217, 22.522660014605375]
[114.01812837422601, 22.525139800196417]
[114.01452532299051, 22.523982566920598]
[114.00631837295408, 22.528115542905674]
[114.0049171863625, 22.528280861945074]
[114.00451684733633, 22.529438095220897]
[114.00271532171858, 22.529934052339105]
[113.99971277902233, 22.5296034142603]
[113.99470854119525, 22.527784904826866]
[113.99450837168217, 22.526792990590447]
[113.9931071850906, 22.526462352511643]
[113.9907051509336, 22.5243132049994]
[113.989303964342, 22.524478524038805]
[113.98189769235792, 22.522660014605375]
[113.96568396179816, 22.522164057487164]
Polygon 7 vertices:
[113.95127175685617, 22.53406702832418]
[113.95127175685617, 22.53307511408776]
[113.95147192636925, 22.532909795048358]
[113.95147192636925, 22.529934052339105]
[113.95127175685617, 22.5297687332997]
[113.95127175685617, 22.527619585787463]
[113.95107158734308, 22.52745426674806]
[113.95107158734308, 22.525139800196417]
[113.95087141783, 22.524974481157017]
[113.95087141783, 22.5243132049994]
[113.95287311296083, 22.5243132049994]
[113.95307328247392, 22.52414788596]
[113.955675486144, 22.52414788596]
[113.95587565565708, 22.523982566920598]
[113.95867802884025, 22.523982566920598]
[113.95867802884025, 22.531256604654327]
[113.95847785932717, 22.53142192369373]
[113.95847785932717, 22.532083199851343]
[113.95627599468325, 22.53340575216657]
[113.95547531663092, 22.53340575216657]
[113.95527514711783, 22.53357107120597]
[113.95347362150008, 22.533736390245373]
[113.953273451987, 22.533901709284777]
[113.95267294344775, 22.533901709284777]
[113.95247277393467, 22.53406702832418]
[113.95127175685617, 22.53406702832418]
Polygon 8 vertices:
[114.06777041347067, 22.53588553775761]
[114.06777041347067, 22.53572021871821]
[114.06757024395759, 22.535554899678807]
[114.06757024395759, 22.53406702832418]
[114.0673700744445, 22.533901709284777]
[114.0673700744445, 22.533736390245373]
[114.06676956590525, 22.533240433127165]
[114.06676956590525, 22.53307511408776]
[114.06656939639217, 22.532909795048358]
[114.06656939639217, 22.532744476008954]
[114.06636922687909, 22.532579156969554]
[114.06636922687909, 22.53175256177254]
[114.06997227811459, 22.53175256177254]
[114.06997227811459, 22.53456298544239]
[114.06917160006225, 22.53456298544239]
[114.06897143054917, 22.534397666402985]
[114.06877126103609, 22.534397666402985]
[114.068571091523, 22.53456298544239]
[114.068571091523, 22.53588553775761]
[114.06777041347067, 22.53588553775761]
Polygon 9 vertices:
[114.02913769744559, 22.53340575216657]
[114.0313395620895, 22.531587242733135]
[114.03214024014184, 22.531256604654327]
[114.03314108770725, 22.531256604654327]
[114.0337415962465, 22.531587242733135]
[114.034942613325, 22.531587242733135]
[114.03554312186425, 22.531091285614927]
[114.03634379991658, 22.531091285614927]
[114.03774498650817, 22.532248518890746]
[114.03774498650817, 22.53241383793015]
[114.03914617309975, 22.533736390245373]
[114.04034719017825, 22.534397666402985]
[114.04134803774367, 22.534397666402985]
[114.04174837676983, 22.534893623521196]
[114.04234888530908, 22.534893623521196]
[114.04274922433525, 22.535058942560596]
[114.04274922433525, 22.536546813915223]
[114.04254905482217, 22.536712132954626]
[114.04254905482217, 22.53753872815164]
[114.04234888530908, 22.537704047191045]
[114.04134803774367, 22.537704047191045]
[114.04114786823058, 22.53786936623045]
[114.04134803774367, 22.53803468526985]
[114.04294939384833, 22.538365323348657]
[114.04294939384833, 22.539191918545672]
[114.04254905482217, 22.53952255662448]
[114.03954651212592, 22.53952255662448]
[114.03874583407358, 22.538861280466865]
[114.03694430845583, 22.53968787566388]
[114.032540579168, 22.53968787566388]
[114.03053888403717, 22.53853064238806]
[114.030138545011, 22.53853064238806]
[114.02993837549792, 22.534232347363584]
[114.02973820598484, 22.53406702832418]
[114.02913769744559, 22.53406702832418]
[114.02913769744559, 22.53340575216657]
Polygon 10 vertices:
[113.95947870689258, 22.54233298029433]
[113.95887819835333, 22.54233298029433]
[113.95867802884025, 22.542498299333733]
[113.95767718127483, 22.542498299333733]
[113.95747701176175, 22.542663618373133]
[113.95547531663092, 22.542663618373133]
[113.95547531663092, 22.54233298029433]
[113.95507497760475, 22.54183702317612]
[113.95507497760475, 22.541506385097314]
[113.95487480809167, 22.54134106605791]
[113.95487480809167, 22.541175747018507]
[113.95467463857858, 22.541010427979106]
[113.95467463857858, 22.5406797899003]
[113.95427429955242, 22.54018383278209]
[113.95427429955242, 22.539853194703284]
[113.95407413003933, 22.53968787566388]
[113.95407413003933, 22.539357237585076]
[113.95367379101317, 22.538861280466865]
[113.95367379101317, 22.53853064238806]
[113.953273451987, 22.53803468526985]
[113.953273451987, 22.537704047191045]
[113.95307328247392, 22.53753872815164]
[113.95307328247392, 22.537373409112238]
[113.95287311296083, 22.537208090072838]
[113.95287311296083, 22.53687745199403]
[113.95247277393467, 22.536381494875823]
[113.95247277393467, 22.535554899678807]
[113.95367379101317, 22.535554899678807]
[113.95387396052625, 22.53572021871821]
[113.9544744690655, 22.53572021871821]
[113.95467463857858, 22.53588553775761]
[113.95527514711783, 22.53588553775761]
[113.95547531663092, 22.536050856797015]
[113.95587565565708, 22.536050856797015]
[113.95607582517017, 22.53621617583642]
[113.95667633370942, 22.53621617583642]
[113.9568765032225, 22.536381494875823]
[113.95747701176175, 22.536381494875823]
[113.95767718127483, 22.536546813915223]
[113.95827768981408, 22.536546813915223]
[113.95847785932717, 22.536712132954626]
[113.95907836786643, 22.536712132954626]
[113.9592785373795, 22.53687745199403]
[113.95947870689258, 22.53687745199403]
[113.95947870689258, 22.54233298029433]
Polygon 11 vertices:
[113.92244734697218, 22.542663618373133]
[113.92244734697218, 22.540018513742687]
[113.92264751648526, 22.539853194703284]
[113.92264751648526, 22.539191918545672]
[113.92284768599833, 22.53902659950627]
[113.92284768599833, 22.53853064238806]
[113.92464921161609, 22.537042771033434]
[113.92484938112916, 22.537042771033434]
[113.92524972015534, 22.536712132954626]
[113.92544988966841, 22.536712132954626]
[113.9256500591815, 22.536546813915223]
[113.92585022869459, 22.536546813915223]
[113.92625056772076, 22.53621617583642]
[113.92645073723384, 22.53621617583642]
[113.92665090674691, 22.536050856797015]
[113.92745158479926, 22.536050856797015]
[113.92765175431234, 22.53621617583642]
[113.92765175431234, 22.536546813915223]
[113.92785192382541, 22.536712132954626]
[113.92785192382541, 22.53753872815164]
[113.92765175431234, 22.537704047191045]
[113.92765175431234, 22.538365323348657]
[113.92745158479926, 22.53853064238806]
[113.92745158479926, 22.539191918545672]
[113.92725141528616, 22.539357237585076]
[113.92725141528616, 22.540514470860895]
[113.92705124577309, 22.5406797899003]
[113.92705124577309, 22.540845108939703]
[113.92625056772076, 22.541506385097314]
[113.92625056772076, 22.541671704136718]
[113.92585022869459, 22.542002342215522]
[113.9256500591815, 22.542002342215522]
[113.92544988966841, 22.542167661254926]
[113.92524972015534, 22.542167661254926]
[113.92504955064226, 22.54233298029433]
[113.92484938112916, 22.54233298029433]
[113.92424887258991, 22.542663618373133]
[113.92244734697218, 22.542663618373133]
Polygon 12 vertices:
[113.99610972778683, 22.54183702317612]
[113.99610972778683, 22.540845108939703]
[113.99630989729992, 22.5406797899003]
[113.996510066813, 22.54018383278209]
[113.99711057535225, 22.539853194703284]
[114.0001131180485, 22.539853194703284]
[114.00031328756158, 22.540018513742687]
[114.00071362658775, 22.540018513742687]
[114.00091379610083, 22.54018383278209]
[114.00151430464008, 22.54018383278209]
[114.00171447415318, 22.54034915182149]
[114.00191464366625, 22.54034915182149]
[114.0025151522055, 22.540845108939703]
[114.0073192205195, 22.540845108939703]
[114.0073192205195, 22.541010427979106]
[114.00751939003258, 22.541175747018507]
[114.00751939003258, 22.54183702317612]
[114.00711905100641, 22.542167661254926]
[114.00691888149333, 22.542167661254926]
[114.00671871198026, 22.54233298029433]
[114.00651854246718, 22.54233298029433]
[114.00631837295408, 22.542498299333733]
[114.00531752538868, 22.542828937412537]
[114.0049171863625, 22.543159575491345]
[114.00471701684943, 22.543159575491345]
[114.00451684733633, 22.54332489453075]
[114.00351599977093, 22.543655532609552]
[114.00311566074475, 22.54398617068836]
[114.00291549123168, 22.54398617068836]
[114.00271532171858, 22.54415148972776]
[114.0025151522055, 22.54415148972776]
[114.00111396561392, 22.544812765885375]
[114.00031328756158, 22.544812765885375]
[114.0001131180485, 22.544978084924775]
[113.9977110838915, 22.544978084924775]
[113.99751091437842, 22.544812765885375]
[113.99751091437842, 22.543820851648956]
[113.99731074486533, 22.543655532609552]
[113.99731074486533, 22.542663618373133]
[113.99630989729992, 22.54183702317612]
[113.99610972778683, 22.54183702317612]
Polygon 13 vertices:
[113.97989599722709, 22.547623189555225]
[113.97889514966167, 22.546961913397613]
[113.97869498014859, 22.546961913397613]
[113.97789430209626, 22.546465956279402]
[113.97769413258317, 22.546465956279402]
[113.97769413258317, 22.545308723003583]
[113.97749396307009, 22.54514340396418]
[113.97749396307009, 22.543820851648956]
[113.97769413258317, 22.543820851648956]
[113.97789430209626, 22.543655532609552]
[113.97909531917475, 22.543655532609552]
[113.97929548868784, 22.54349021357015]
[113.97929548868784, 22.543159575491345]
[113.97949565820092, 22.54299425645194]
[113.979695827714, 22.542498299333733]
[113.9808968447925, 22.542498299333733]
[113.98149735333175, 22.542828937412537]
[113.98189769235792, 22.542498299333733]
[113.98189769235792, 22.54233298029433]
[113.98229803138409, 22.54183702317612]
[113.98229803138409, 22.541506385097314]
[113.98249820089717, 22.54134106605791]
[113.98249820089717, 22.540845108939703]
[113.98269837041025, 22.5406797899003]
[113.98269837041025, 22.54018383278209]
[113.98389938748875, 22.539357237585076]
[113.98470006554109, 22.539357237585076]
[113.98470006554109, 22.542002342215522]
[113.98610125213267, 22.543820851648956]
[113.98610125213267, 22.54464744684597]
[113.984499896028, 22.54464744684597]
[113.984499896028, 22.544482127806567]
[113.98429972651492, 22.544316808767164]
[113.98409955700184, 22.544316808767164]
[113.98389938748875, 22.544482127806567]
[113.98369921797567, 22.544978084924775]
[113.98349904846259, 22.54514340396418]
[113.98289853992334, 22.545308723003583]
[113.982097861871, 22.545969999161194]
[113.982097861871, 22.546135318200598]
[113.98189769235792, 22.54630063724]
[113.98189769235792, 22.546631275318806]
[113.98169752284484, 22.54679659435821]
[113.98169752284484, 22.547127232437017]
[113.98129718381867, 22.54745787051582]
[113.98109701430559, 22.54745787051582]
[113.9808968447925, 22.547623189555225]
[113.97989599722709, 22.547623189555225]
Polygon 14 vertices:
[114.09459312822383, 22.549937656106867]
[114.09459312822383, 22.54911106090985]
[114.09479329773691, 22.548945741870448]
[114.09559397578926, 22.548945741870448]
[114.09579414530234, 22.548780422831044]
[114.09599431481541, 22.548780422831044]
[114.09659482335466, 22.548284465712836]
[114.09659482335466, 22.547953827634032]
[114.09679499286776, 22.54778850859463]
[114.09679499286776, 22.547292551476417]
[114.09839634897241, 22.547292551476417]
[114.09859651848551, 22.54745787051582]
[114.09919702702476, 22.54745787051582]
[114.09939719653784, 22.547623189555225]
[114.09939719653784, 22.54844978475224]
[114.09919702702476, 22.548615103791644]
[114.09919702702476, 22.548945741870448]
[114.09899685751166, 22.54911106090985]
[114.09899685751166, 22.54944169898866]
[114.09919702702476, 22.54960701802806]
[114.09919702702476, 22.55026829418567]
[114.09899685751166, 22.55026829418567]
[114.09879668799859, 22.550433613225074]
[114.09839634897241, 22.550433613225074]
[114.09819617945934, 22.550598932264478]
[114.09679499286776, 22.550598932264478]
[114.09659482335466, 22.550433613225074]
[114.09579414530234, 22.550433613225074]
[114.09559397578926, 22.55026829418567]
[114.09539380627616, 22.55026829418567]
[114.09519363676309, 22.55010297514627]
[114.09499346725, 22.55010297514627]
[114.09479329773691, 22.549937656106867]
[114.09459312822383, 22.549937656106867]
Polygon 15 vertices:
[114.01512583152976, 22.552748079776716]
[114.01492566201667, 22.552582760737312]
[114.01492566201667, 22.55225212265851]
[114.01472549250359, 22.552086803619105]
[114.01472549250359, 22.551756165540297]
[114.01452532299051, 22.551590846500897]
[114.01452532299051, 22.55126020842209]
[114.01432515347742, 22.551094889382686]
[114.01432515347742, 22.54944169898866]
[114.01452532299051, 22.549276379949255]
[114.01452532299051, 22.548780422831044]
[114.01472549250359, 22.548615103791644]
[114.01472549250359, 22.548119146673432]
[114.01592650958209, 22.548119146673432]
[114.01612667909517, 22.547953827634032]
[114.01692735714751, 22.547953827634032]
[114.01712752666059, 22.54778850859463]
[114.01792820471292, 22.54778850859463]
[114.01792820471292, 22.55126020842209]
[114.01752786568676, 22.551590846500897]
[114.01752786568676, 22.551756165540297]
[114.01732769617367, 22.5519214845797]
[114.01732769617367, 22.552086803619105]
[114.01692735714751, 22.552417441697912]
[114.01672718763442, 22.552417441697912]
[114.01652701812134, 22.552582760737312]
[114.01612667909517, 22.552582760737312]
[114.01592650958209, 22.552748079776716]
[114.01512583152976, 22.552748079776716]
Polygon 16 vertices:
[113.96067972397108, 22.554731908249554]
[113.95827768981408, 22.554731908249554]
[113.958077520301, 22.55456658921015]
[113.955675486144, 22.55456658921015]
[113.95547531663092, 22.554401270170747]
[113.95467463857858, 22.554401270170747]
[113.95467463857858, 22.553739994013135]
[113.95727684224867, 22.54944169898866]
[113.95767718127483, 22.549276379949255]
[113.95827768981408, 22.549276379949255]
[113.95847785932717, 22.54911106090985]
[113.95827768981408, 22.548945741870448]
[113.95767718127483, 22.548945741870448]
[113.95747701176175, 22.548780422831044]
[113.95667633370942, 22.548615103791644]
[113.95667633370942, 22.548284465712836]
[113.95647616419633, 22.548119146673432]
[113.95647616419633, 22.54745787051582]
[113.95627599468325, 22.547292551476417]
[113.95627599468325, 22.546631275318806]
[113.95607582517017, 22.546465956279402]
[113.95607582517017, 22.54580468012179]
[113.95587565565708, 22.545639361082387]
[113.95587565565708, 22.544978084924775]
[113.955675486144, 22.544812765885375]
[113.955675486144, 22.54415148972776]
[113.95887819835333, 22.54415148972776]
[113.95907836786643, 22.544316808767164]
[113.96027938494493, 22.544316808767164]
[113.96027938494493, 22.548119146673432]
[113.96007921543183, 22.548119146673432]
[113.95867802884025, 22.548945741870448]
[113.95887819835333, 22.54911106090985]
[113.9592785373795, 22.54911106090985]
[113.9592785373795, 22.54944169898866]
[113.95947870689258, 22.54960701802806]
[113.95947870689258, 22.55026829418567]
[113.95967887640568, 22.550433613225074]
[113.95987904591875, 22.551756165540297]
[113.96007921543183, 22.5519214845797]
[113.96007921543183, 22.552417441697912]
[113.96027938494493, 22.552582760737312]
[113.96027938494493, 22.553078717855524]
[113.960479554458, 22.553244036894927]
[113.96067972397108, 22.554731908249554]
Polygon 17 vertices:
[114.07637770253325, 22.55803828903761]
[114.07397566837625, 22.558203608077015]
[114.07377549886317, 22.55803828903761]
[114.06837092200992, 22.557872969998208]
[114.06817075249684, 22.556054460564777]
[114.0697721086015, 22.556054460564777]
[114.07057278665384, 22.556550417682985]
[114.07097312568, 22.55621977960418]
[114.07097312568, 22.555889141525373]
[114.07237431227159, 22.555393184407166]
[114.07237431227159, 22.552582760737312]
[114.0721741427585, 22.552417441697912]
[114.0721741427585, 22.551094889382686]
[114.07237431227159, 22.550929570343285]
[114.0721741427585, 22.55076425130388]
[114.07137346470617, 22.55076425130388]
[114.07117329519309, 22.550929570343285]
[114.06837092200992, 22.55076425130388]
[114.06817075249684, 22.547953827634032]
[114.06877126103609, 22.54778850859463]
[114.07077295616692, 22.54778850859463]
[114.07077295616692, 22.548615103791644]
[114.07097312568, 22.548780422831044]
[114.07157363421925, 22.54844978475224]
[114.07197397324542, 22.54778850859463]
[114.07257448178467, 22.54778850859463]
[114.073375159837, 22.54745787051582]
[114.07417583788934, 22.54745787051582]
[114.07417583788934, 22.54911106090985]
[114.07397566837625, 22.549276379949255]
[114.07397566837625, 22.550598932264478]
[114.07377549886317, 22.551094889382686]
[114.07397566837625, 22.55126020842209]
[114.07537685496784, 22.551425527461493]
[114.07557702448092, 22.551756165540297]
[114.07637770253325, 22.551756165540297]
[114.0771783805856, 22.552086803619105]
[114.0771783805856, 22.553078717855524]
[114.07617753302017, 22.55407063209194]
[114.07637770253325, 22.55803828903761]
Polygon 18 vertices:
[114.11400957099292, 22.558699565195223]
[114.11380940147984, 22.558699565195223]
[114.11360923196675, 22.558864884234627]
[114.11260838440134, 22.558864884234627]
[114.11100702829667, 22.557542331919404]
[114.11100702829667, 22.55737701288]
[114.11080685878359, 22.557211693840596]
[114.11080685878359, 22.557046374801196]
[114.1106066892705, 22.556881055761792]
[114.1106066892705, 22.55671573672239]
[114.11040651975742, 22.556550417682985]
[114.11040651975742, 22.55621977960418]
[114.11020635024434, 22.556054460564777]
[114.11020635024434, 22.554401270170747]
[114.11040651975742, 22.554235951131343]
[114.11080685878359, 22.554235951131343]
[114.11100702829667, 22.55407063209194]
[114.11220804537517, 22.55407063209194]
[114.11240821488825, 22.554235951131343]
[114.11260838440134, 22.554235951131343]
[114.11280855391442, 22.554401270170747]
[114.11320889294059, 22.554401270170747]
[114.11340906245367, 22.55456658921015]
[114.11380940147984, 22.55456658921015]
[114.11400957099292, 22.554731908249554]
[114.11400957099292, 22.55572382248597]
[114.11380940147984, 22.555889141525373]
[114.11380940147984, 22.55621977960418]
[114.11400957099292, 22.55638509864358]
[114.11400957099292, 22.55737701288]
[114.11380940147984, 22.557542331919404]
[114.11380940147984, 22.557707650958807]
[114.11400957099292, 22.557872969998208]
[114.11400957099292, 22.558699565195223]
Polygon 19 vertices:
[113.95487480809167, 22.562171265022688]
[113.95487480809167, 22.560848712707465]
[113.95467463857858, 22.56068339366806]
[113.95467463857858, 22.558864884234627]
[113.9544744690655, 22.558699565195223]
[113.9544744690655, 22.55671573672239]
[113.95747701176175, 22.55671573672239]
[113.95787735078792, 22.557046374801196]
[113.958077520301, 22.557046374801196]
[113.95867802884025, 22.557542331919404]
[113.95947870689258, 22.557542331919404]
[113.95947870689258, 22.558699565195223]
[113.9592785373795, 22.558864884234627]
[113.9592785373795, 22.56167530790448]
[113.95907836786643, 22.56184062694388]
[113.95867802884025, 22.56184062694388]
[113.95847785932717, 22.562005945983284]
[113.95707667273558, 22.562005945983284]
[113.9568765032225, 22.562171265022688]
[113.95487480809167, 22.562171265022688]
Polygon 20 vertices:
[114.044550749953, 22.556881055761792]
[114.044550749953, 22.554401270170747]
[114.04475091946608, 22.554235951131343]
[114.04495108897918, 22.55076425130388]
[114.04875430972776, 22.550929570343285]
[114.04895447924083, 22.551094889382686]
[114.05035566583241, 22.551094889382686]
[114.0505558353455, 22.55126020842209]
[114.06256600613051, 22.55126020842209]
[114.06256600613051, 22.551756165540297]
[114.06276617564359, 22.5519214845797]
[114.06276617564359, 22.554731908249554]
[114.06296634515667, 22.554897227288954]
[114.06296634515667, 22.55836892711642]
[114.05816227684267, 22.56233658406209]
[114.0505558353455, 22.56233658406209]
[114.044550749953, 22.556881055761792]
Polygon 21 vertices:
[114.11360923196675, 22.570437216992836]
[114.11360923196675, 22.568453388520002]
[114.11340906245367, 22.568288069480598]
[114.11340906245367, 22.56680019812597]
[114.114209740506, 22.56680019812597]
[114.114209740506, 22.567130836204775]
[114.11440991001909, 22.56729615524418]
[114.11440991001909, 22.567461474283583]
[114.11481024904525, 22.56779211236239]
[114.11501041855834, 22.56779211236239]
[114.11501041855834, 22.568618707559402]
[114.11521058807142, 22.568784026598806]
[114.11521058807142, 22.56961062179582]
[114.11501041855834, 22.569775940835225]
[114.11501041855834, 22.57010657891403]
[114.11461007953217, 22.570437216992836]
[114.11360923196675, 22.570437216992836]
Polygon 22 vertices:
[114.13142431863118, 22.57126381218985]
[114.13062364057883, 22.57126381218985]
[114.1298229625265, 22.57060253603224]
[114.1298229625265, 22.570437216992836]
[114.128621945448, 22.569279983717017]
[114.12842177593492, 22.569279983717017]
[114.12802143690875, 22.56894934563821]
[114.12702058934333, 22.568618707559402]
[114.12642008080408, 22.568122750441194]
[114.12642008080408, 22.566469560047164]
[114.126219911291, 22.56630424100776]
[114.126219911291, 22.563659136377314]
[114.12601974177792, 22.56349381733791]
[114.12601974177792, 22.5628325411803]
[114.12682041983025, 22.5628325411803]
[114.12702058934333, 22.562667222140895]
[114.12762109788258, 22.562667222140895]
[114.12782126739567, 22.56250190310149]
[114.128621945448, 22.56250190310149]
[114.12882211496108, 22.562667222140895]
[114.12942262350033, 22.562667222140895]
[114.12962279301343, 22.5628325411803]
[114.13002313203958, 22.5628325411803]
[114.13022330155268, 22.562997860219703]
[114.1322249966835, 22.562997860219703]
[114.13242516619658, 22.563163179259107]
[114.13382635278816, 22.563659136377314]
[114.13382635278816, 22.56448573157433]
[114.13362618327508, 22.564651050613733]
[114.13362618327508, 22.564981688692537]
[114.1322249966835, 22.56613892196836]
[114.1322249966835, 22.566469560047164]
[114.13322584424893, 22.56729615524418]
[114.13322584424893, 22.56795743140179]
[114.13302567473583, 22.568122750441194]
[114.13242516619658, 22.568122750441194]
[114.1322249966835, 22.568288069480598]
[114.1322249966835, 22.568618707559402]
[114.13242516619658, 22.568784026598806]
[114.13262533570968, 22.568784026598806]
[114.13262533570968, 22.569775940835225]
[114.13242516619658, 22.56994125987463]
[114.13202482717043, 22.570767855071644]
[114.13142431863118, 22.57126381218985]
Polygon 23 vertices:
[113.84678327102667, 22.591598054036417]
[113.84598259297434, 22.59110209691821]
[113.84598259297434, 22.590936777878806]
[113.84518191492201, 22.589779544602987]
[113.84518191492201, 22.58944890652418]
[113.84318021979117, 22.586307844775522]
[113.84318021979117, 22.585481249578507]
[113.84418106735659, 22.58448933534209]
[113.84418106735659, 22.584324016302688]
[113.84458140638276, 22.58399337822388]
[113.84458140638276, 22.583828059184476]
[113.84498174540892, 22.583497421105672]
[113.84498174540892, 22.58333210206627]
[113.84558225394817, 22.58283614494806]
[113.84558225394817, 22.582670825908657]
[113.84638293200051, 22.582670825908657]
[113.84658310151359, 22.58283614494806]
[113.84678327102667, 22.582670825908657]
[113.84698344053976, 22.58217486879045]
[113.84778411859209, 22.58217486879045]
[113.84878496615751, 22.583166783026865]
[113.84878496615751, 22.58333210206627]
[113.84978581372292, 22.584158697263284]
[113.85038632226217, 22.584158697263284]
[113.85058649177526, 22.58399337822388]
[113.85138716982759, 22.58399337822388]
[113.85138716982759, 22.585481249578507]
[113.85118700031451, 22.58564656861791]
[113.85118700031451, 22.587961035169553]
[113.85098683080142, 22.588126354208956]
[113.85098683080142, 22.588622311327164]
[113.85078666128834, 22.588787630366568]
[113.85078666128834, 22.589283587484775]
[113.85098683080142, 22.58944890652418]
[113.85098683080142, 22.59011018268179]
[113.84898513567059, 22.59011018268179]
[113.84858479664442, 22.590606139800002]
[113.84858479664442, 22.591598054036417]
[113.84678327102667, 22.591598054036417]
Polygon 24 vertices:
[113.84998598323601, 22.60333570583403]
[113.84898513567059, 22.601186558321793]
[113.84898513567059, 22.60052528216418]
[113.85078666128834, 22.59936804888836]
[113.85058649177526, 22.59655762521851]
[113.85098683080142, 22.59490443482448]
[113.85218784787992, 22.59457379674567]
[113.85338886495842, 22.59457379674567]
[113.85438971252384, 22.595731030021494]
[113.85639140765467, 22.59490443482448]
[113.85679174668084, 22.59457379674567]
[113.85659157716775, 22.593085925391044]
[113.85939395035092, 22.591267415957613]
[113.861996154021, 22.5904408207606]
[113.86479852720417, 22.58763039709075]
[113.86740073087425, 22.58663848285433]
[113.87000293454433, 22.58663848285433]
[113.87000293454433, 22.588787630366568]
[113.86940242600508, 22.5904408207606]
[113.86840157843967, 22.591432734997014]
[113.8657993747696, 22.59176337307582]
[113.86519886623034, 22.59209401115463]
[113.86619971379575, 22.594739115785075]
[113.86619971379575, 22.595731030021494]
[113.86399784915184, 22.59655762521851]
[113.86299700158642, 22.59655762521851]
[113.86099530645559, 22.594739115785075]
[113.859594119864, 22.596888263297313]
[113.859594119864, 22.598706772730747]
[113.85619123814159, 22.60069060120358]
[113.85539056008925, 22.60234379159761]
[113.85398937349767, 22.603666343912835]
[113.84998598323601, 22.60333570583403]
Polygon 25 vertices:
[114.14943957480867, 22.615073357631644]
[114.14843872724325, 22.615073357631644]
[114.14803838821709, 22.614742719552837]
[114.14803838821709, 22.614577400513433]
[114.14743787967784, 22.614081443395225]
[114.14743787967784, 22.61325484819821]
[114.14723771016476, 22.613089529158806]
[114.14723771016476, 22.61275889108]
[114.14703754065167, 22.6125935720406]
[114.14703754065167, 22.611436338764776]
[114.14723771016476, 22.611271019725372]
[114.14723771016476, 22.61110570068597]
[114.14743787967784, 22.610940381646568]
[114.14743787967784, 22.609783148370745]
[114.14763804919092, 22.609617829331345]
[114.14843872724325, 22.609617829331345]
[114.14863889675634, 22.609783148370745]
[114.14883906626942, 22.609783148370745]
[114.14943957480867, 22.610279105488956]
[114.14943957480867, 22.61044442452836]
[114.14983991383484, 22.610775062607164]
[114.14983991383484, 22.610940381646568]
[114.15004008334792, 22.61110570068597]
[114.15004008334792, 22.61226293396179]
[114.14943957480867, 22.61226293396179]
[114.14923940529559, 22.612428253001195]
[114.14923940529559, 22.613089529158806]
[114.14943957480867, 22.61325484819821]
[114.14943957480867, 22.615073357631644]
Polygon 26 vertices:
[114.14123262477226, 22.61871037649851]
[114.14123262477226, 22.61771846226209]
[114.14263381136384, 22.61771846226209]
[114.14303415039001, 22.617387824183282]
[114.14423516746851, 22.617387824183282]
[114.14463550649467, 22.61705718610448]
[114.14543618454701, 22.61705718610448]
[114.14583652357317, 22.617387824183282]
[114.14683737113859, 22.617387824183282]
[114.14703754065167, 22.617553143222686]
[114.14703754065167, 22.61771846226209]
[114.14723771016476, 22.617883781301494]
[114.14723771016476, 22.618545057459105]
[114.14603669308626, 22.618545057459105]
[114.14583652357317, 22.6183797384197]
[114.14563635406009, 22.6183797384197]
[114.14523601503392, 22.61871037649851]
[114.14503584552084, 22.61871037649851]
[114.14483567600776, 22.61887569553791]
[114.14423516746851, 22.61887569553791]
[114.14383482844234, 22.619206333616717]
[114.14383482844234, 22.61937165265612]
[114.14343448941617, 22.619702290734924]
[114.14203330282459, 22.619702290734924]
[114.14203330282459, 22.619536971695524]
[114.14163296379841, 22.619206333616717]
[114.14163296379841, 22.619041014577313]
[114.14123262477226, 22.61871037649851]
Polygon 27 vertices:
[114.12882211496108, 22.63276249484776]
[114.12802143690875, 22.63276249484776]
[114.12782126739567, 22.632597175808357]
[114.12782126739567, 22.632431856768957]
[114.12702058934333, 22.631770580611345]
[114.12702058934333, 22.63160526157194]
[114.12642008080408, 22.63110930445373]
[114.12642008080408, 22.63094398541433]
[114.12581957226483, 22.63044802829612]
[114.12581957226483, 22.63028270925672]
[114.12521906372558, 22.629786752138507]
[114.12521906372558, 22.629125475980896]
[114.12642008080408, 22.629125475980896]
[114.12682041983025, 22.629456114059703]
[114.12682041983025, 22.629621433099103]
[114.12762109788258, 22.63028270925672]
[114.12762109788258, 22.63044802829612]
[114.12822160642183, 22.63094398541433]
[114.12822160642183, 22.63110930445373]
[114.12902228447417, 22.631770580611345]
[114.12902228447417, 22.632431856768957]
[114.12882211496108, 22.632597175808357]
[114.12882211496108, 22.63276249484776]
Polygon 28 vertices:
[114.05776193781651, 22.64251631817254]
[114.05776193781651, 22.641855042014924]
[114.05796210732959, 22.641689722975524]
[114.05796210732959, 22.641193765857313]
[114.05816227684267, 22.641028446817913]
[114.05816227684267, 22.6405324896997]
[114.05836244635576, 22.640367170660298]
[114.05836244635576, 22.640201851620898]
[114.05876278538192, 22.640201851620898]
[114.05896295489501, 22.640036532581494]
[114.05916312440809, 22.640036532581494]
[114.05936329392117, 22.63987121354209]
[114.06016397197351, 22.63987121354209]
[114.06016397197351, 22.640036532581494]
[114.06036414148659, 22.640201851620898]
[114.06036414148659, 22.6405324896997]
[114.06056431099967, 22.640697808739105]
[114.06056431099967, 22.641689722975524]
[114.06016397197351, 22.64202036105433]
[114.06016397197351, 22.642185680093732]
[114.05956346343426, 22.64268163721194]
[114.05816227684267, 22.64268163721194]
[114.05796210732959, 22.64251631817254]
[114.05776193781651, 22.64251631817254]
Polygon 29 vertices:
[114.16245059315908, 22.64697993223642]
[114.1610494065675, 22.64697993223642]
[114.16084923705442, 22.646814613197016]
[114.16024872851517, 22.646814613197016]
[114.16004855900209, 22.646649294157612]
[114.15944805046284, 22.646649294157612]
[114.15924788094975, 22.64648397511821]
[114.15884754192359, 22.64648397511821]
[114.1586473724105, 22.646318656078808]
[114.15824703338434, 22.646318656078808]
[114.15804686387125, 22.646153337039404]
[114.15764652484509, 22.646153337039404]
[114.157446355332, 22.645988018]
[114.15704601630584, 22.645988018]
[114.15684584679275, 22.645822698960597]
[114.15644550776659, 22.645822698960597]
[114.1562453382535, 22.645657379921193]
[114.15584499922734, 22.645657379921193]
[114.15564482971425, 22.645492060881793]
[114.15524449068809, 22.645492060881793]
[114.155044321175, 22.64532674184239]
[114.15464398214884, 22.64532674184239]
[114.15444381263575, 22.645161422802985]
[114.15404347360959, 22.645161422802985]
[114.1538433040965, 22.64499610376358]
[114.15344296507034, 22.64499610376358]
[114.15324279555725, 22.644830784724178]
[114.15284245653109, 22.644830784724178]
[114.152642287018, 22.644665465684778]
[114.15244211750492, 22.644665465684778]
[114.15244211750492, 22.641855042014924]
[114.15324279555725, 22.641855042014924]
[114.15344296507034, 22.64202036105433]
[114.15404347360959, 22.64202036105433]
[114.15464398214884, 22.641689722975524]
[114.15584499922734, 22.641689722975524]
[114.15604516874042, 22.641855042014924]
[114.1562453382535, 22.641855042014924]
[114.15644550776659, 22.64202036105433]
[114.15664567727967, 22.64202036105433]
[114.15684584679275, 22.642185680093732]
[114.15704601630584, 22.642185680093732]
[114.15724618581892, 22.642350999133136]
[114.157446355332, 22.642350999133136]
[114.15764652484509, 22.64251631817254]
[114.15784669435817, 22.64251631817254]
[114.15804686387125, 22.64268163721194]
[114.15824703338434, 22.64268163721194]
[114.15844720289742, 22.642846956251343]
[114.1586473724105, 22.642846956251343]
[114.15884754192359, 22.643012275290747]
[114.15904771143667, 22.643012275290747]
[114.15924788094975, 22.64317759433015]
[114.15944805046284, 22.64317759433015]
[114.15964821997592, 22.64334291336955]
[114.159848389489, 22.64334291336955]
[114.16004855900209, 22.643508232408955]
[114.16024872851517, 22.643508232408955]
[114.16044889802825, 22.64367355144836]
[114.16064906754134, 22.64367355144836]
[114.16084923705442, 22.643838870487762]
[114.1610494065675, 22.643838870487762]
[114.16124957608059, 22.644004189527166]
[114.16144974559367, 22.644004189527166]
[114.16164991510675, 22.644169508566566]
[114.162250423646, 22.64433482760597]
[114.162250423646, 22.64532674184239]
[114.16245059315908, 22.645492060881793]
[114.16245059315908, 22.64697993223642]
Polygon 30 vertices:
[114.04975515729316, 22.65970949827045]
[114.04975515729316, 22.647806527433435]
[114.05075600485858, 22.647806527433435]
[114.05075600485858, 22.65260077957612]
[114.05095617437166, 22.652766098615523]
[114.05095617437166, 22.65921354115224]
[114.0505558353455, 22.65970949827045]
[114.04975515729316, 22.65970949827045]
Polygon 31 vertices:
[114.05816227684267, 22.670785873910447]
[114.05796210732959, 22.670620554871046]
[114.05796210732959, 22.66979395967403]
[114.05836244635576, 22.669463321595224]
[114.05916312440809, 22.669463321595224]
[114.05916312440809, 22.670455235831643]
[114.05896295489501, 22.670620554871046]
[114.05896295489501, 22.670785873910447]
[114.05816227684267, 22.670785873910447]
Polygon 32 vertices:
[114.044550749953, 22.6735962975803]
[114.04435058043993, 22.673430978540896]
[114.04435058043993, 22.672439064304477]
[114.044550749953, 22.672273745265073]
[114.04415041092683, 22.67194310718627]
[114.04395024141375, 22.67194310718627]
[114.04375007190067, 22.671777788146866]
[114.04375007190067, 22.67095119294985]
[114.04395024141375, 22.670785873910447]
[114.04395024141375, 22.670620554871046]
[114.04415041092683, 22.670455235831643]
[114.04415041092683, 22.670124597752835]
[114.04435058043993, 22.669959278713435]
[114.04435058043993, 22.66979395967403]
[114.044550749953, 22.669628640634627]
[114.04555159751843, 22.669628640634627]
[114.04595193654458, 22.669959278713435]
[114.04615210605768, 22.669959278713435]
[114.04635227557075, 22.670124597752835]
[114.04655244508383, 22.670124597752835]
[114.04675261459693, 22.67028991679224]
[114.04695278411, 22.67028991679224]
[114.04715295362308, 22.670455235831643]
[114.04735312313618, 22.670455235831643]
[114.04755329264925, 22.670620554871046]
[114.04755329264925, 22.671281831028658]
[114.04735312313618, 22.67144715006806]
[114.04735312313618, 22.67194310718627]
[114.04715295362308, 22.672108426225673]
[114.04715295362308, 22.672273745265073]
[114.04655244508383, 22.672769702383285]
[114.04655244508383, 22.67293502142269]
[114.0457517670315, 22.6735962975803]
[114.044550749953, 22.6735962975803]
Polygon 33 vertices:
[114.04795363167543, 22.68582990649612]
[114.04755329264925, 22.685499268417313]
[114.04755329264925, 22.68533394937791]
[114.04675261459693, 22.684672673220298]
[114.04675261459693, 22.684507354180894]
[114.04615210605768, 22.684011397062687]
[114.04615210605768, 22.68351543994448]
[114.04595193654458, 22.683350120905075]
[114.04475091946608, 22.683350120905075]
[114.04475091946608, 22.68318480186567]
[114.044550749953, 22.683019482826268]
[114.044550749953, 22.682688844747464]
[114.04435058043993, 22.68252352570806]
[114.04435058043993, 22.68186224955045]
[114.04515125849225, 22.68186224955045]
[114.04535142800533, 22.681696930511045]
[114.0457517670315, 22.681696930511045]
[114.04615210605768, 22.68136629243224]
[114.04635227557075, 22.68136629243224]
[114.04735312313618, 22.680705016274626]
[114.0481538011885, 22.680705016274626]
[114.0481538011885, 22.68087033531403]
[114.04835397070158, 22.681035654353433]
[114.04835397070158, 22.68153161147164]
[114.04875430972776, 22.68186224955045]
[114.04895447924083, 22.681696930511045]
[114.04895447924083, 22.680705016274626]
[114.04915464875393, 22.680539697235226]
[114.05035566583241, 22.680539697235226]
[114.05035566583241, 22.680705016274626]
[114.05075600485858, 22.681200973392837]
[114.05075600485858, 22.68153161147164]
[114.05115634388476, 22.682027568589852]
[114.05115634388476, 22.682688844747464]
[114.05095617437166, 22.682688844747464]
[114.0505558353455, 22.683019482826268]
[114.0505558353455, 22.683846078023283]
[114.05015549631933, 22.68417671610209]
[114.05015549631933, 22.684342035141494]
[114.04975515729316, 22.684672673220298]
[114.04975515729316, 22.684837992259702]
[114.04895447924083, 22.684837992259702]
[114.04875430972776, 22.685003311299106]
[114.04875430972776, 22.68582990649612]
[114.04795363167543, 22.68582990649612]
Polygon 34 vertices:
[114.01472549250359, 22.68632586361433]
[114.01472549250359, 22.685003311299106]
[114.01532600104284, 22.685003311299106]
[114.01552617055592, 22.684837992259702]
[114.01652701812134, 22.684837992259702]
[114.01672718763442, 22.684672673220298]
[114.01692735714751, 22.683846078023283]
[114.01772803519984, 22.68351543994448]
[114.01912922179142, 22.68351543994448]
[114.01972973033067, 22.684011397062687]
[114.02073057789609, 22.68318480186567]
[114.02193159497459, 22.68318480186567]
[114.02193159497459, 22.684837992259702]
[114.02113091692226, 22.68533394937791]
[114.02133108643534, 22.685499268417313]
[114.02233193400075, 22.68533394937791]
[114.02293244254, 22.685003311299106]
[114.02333278156617, 22.685003311299106]
[114.02353295107925, 22.684837992259702]
[114.02393329010542, 22.684837992259702]
[114.02473396815775, 22.684507354180894]
[114.02673566328859, 22.684507354180894]
[114.02673566328859, 22.68599522553552]
[114.02593498523625, 22.68599522553552]
[114.02573481572317, 22.68582990649612]
[114.02553464621009, 22.68599522553552]
[114.02553464621009, 22.68632586361433]
[114.02513430718392, 22.686491182653732]
[114.02373312059234, 22.686491182653732]
[114.02353295107925, 22.68632586361433]
[114.02273227302692, 22.686491182653732]
[114.02253210351384, 22.686656501693136]
[114.02253210351384, 22.68698713977194]
[114.02193159497459, 22.687813734968955]
[114.02193159497459, 22.688144373047763]
[114.02153125594842, 22.688805649205374]
[114.02073057789609, 22.688805649205374]
[114.02053040838301, 22.68864033016597]
[114.02013006935684, 22.688805649205374]
[114.01852871325217, 22.688805649205374]
[114.01712752666059, 22.68764841592955]
[114.01692735714751, 22.68764841592955]
[114.01652701812134, 22.687317777850748]
[114.01652701812134, 22.686656501693136]
[114.01752786568676, 22.686160544574925]
[114.01732769617367, 22.68599522553552]
[114.01692735714751, 22.68599522553552]
[114.01672718763442, 22.686160544574925]
[114.01592650958209, 22.686160544574925]
[114.01572634006901, 22.68632586361433]
[114.01472549250359, 22.68632586361433]
Polygon 35 vertices:
[114.05856261586884, 22.689136287284178]
[114.05616058171184, 22.689136287284178]
[114.05596041219876, 22.688970968244778]
[114.05596041219876, 22.68797905400836]
[114.05576024268566, 22.687813734968955]
[114.05535990365951, 22.687813734968955]
[114.05535990365951, 22.68698713977194]
[114.05556007317259, 22.686821820732536]
[114.05556007317259, 22.686491182653732]
[114.05576024268566, 22.68632586361433]
[114.05576024268566, 22.686160544574925]
[114.05656092073801, 22.686160544574925]
[114.05696125976417, 22.686491182653732]
[114.05716142927726, 22.686491182653732]
[114.05756176830342, 22.686821820732536]
[114.05776193781651, 22.686821820732536]
[114.05816227684267, 22.687152458811344]
[114.05836244635576, 22.687152458811344]
[114.05856261586884, 22.687317777850748]
[114.05856261586884, 22.689136287284178]
Polygon 36 vertices:
[114.36722400504334, 22.689301606323582]
[114.36722400504334, 22.68797905400836]
[114.36742417455642, 22.687813734968955]
[114.3676243440695, 22.687813734968955]
[114.36802468309567, 22.68748309689015]
[114.36802468309567, 22.687317777850748]
[114.36822485260875, 22.687152458811344]
[114.36822485260875, 22.68698713977194]
[114.36842502212184, 22.686821820732536]
[114.36842502212184, 22.686656501693136]
[114.36862519163492, 22.686491182653732]
[114.36862519163492, 22.68632586361433]
[114.37022654773959, 22.68632586361433]
[114.37062688676575, 22.686656501693136]
[114.37062688676575, 22.686821820732536]
[114.37082705627884, 22.68698713977194]
[114.37082705627884, 22.687152458811344]
[114.37102722579192, 22.687317777850748]
[114.37182790384425, 22.687317777850748]
[114.37202807335734, 22.68748309689015]
[114.37222824287042, 22.68748309689015]
[114.3724284123835, 22.68764841592955]
[114.37282875140967, 22.68764841592955]
[114.37282875140967, 22.688309692087167]
[114.3724284123835, 22.688309692087167]
[114.37162773433117, 22.688970968244778]
[114.371227395305, 22.688970968244778]
[114.37102722579192, 22.689136287284178]
[114.36982620871342, 22.689136287284178]
[114.36942586968725, 22.688805649205374]
[114.36922570017417, 22.688805649205374]
[114.36902553066109, 22.688970968244778]
[114.368825361148, 22.688970968244778]
[114.36842502212184, 22.689301606323582]
[114.36722400504334, 22.689301606323582]
Polygon 37 vertices:
[114.14723771016476, 22.689466925362986]
[114.14723771016476, 22.68864033016597]
[114.14763804919092, 22.688309692087167]
[114.14763804919092, 22.68764841592955]
[114.14703754065167, 22.686821820732536]
[114.14703754065167, 22.68582990649612]
[114.1490392357825, 22.68417671610209]
[114.14923940529559, 22.68417671610209]
[114.14943957480867, 22.684011397062687]
[114.1514412699395, 22.684011397062687]
[114.15164143945259, 22.683846078023283]
[114.15164143945259, 22.683019482826268]
[114.15224194799184, 22.68252352570806]
[114.15224194799184, 22.682358206668656]
[114.15244211750492, 22.682192887629256]
[114.15404347360959, 22.682192887629256]
[114.15444381263575, 22.681696930511045]
[114.15564482971425, 22.681696930511045]
[114.15584499922734, 22.68186224955045]
[114.15604516874042, 22.68186224955045]
[114.15644550776659, 22.682192887629256]
[114.15644550776659, 22.683019482826268]
[114.15544466020117, 22.683680758983883]
[114.15544466020117, 22.685003311299106]
[114.15444381263575, 22.685003311299106]
[114.15424364312267, 22.684837992259702]
[114.152642287018, 22.684837992259702]
[114.15184160896567, 22.68417671610209]
[114.15164143945259, 22.684342035141494]
[114.15164143945259, 22.685003311299106]
[114.1514412699395, 22.68516863033851]
[114.15124110042642, 22.685664587456717]
[114.15064059188717, 22.686160544574925]
[114.15064059188717, 22.68632586361433]
[114.14983991383484, 22.686821820732536]
[114.14983991383484, 22.688970968244778]
[114.14963974432175, 22.689136287284178]
[114.14943957480867, 22.689136287284178]
[114.14883906626942, 22.68963224440239]
[114.147838218704, 22.68963224440239]
[114.14763804919092, 22.689466925362986]
[114.14723771016476, 22.689466925362986]
Polygon 38 vertices:
[114.14003160769376, 22.69475713462388]
[114.13983143818066, 22.694591815584477]
[114.13983143818066, 22.693765220387462]
[114.13963126866759, 22.693599901348062]
[114.13963126866759, 22.69128543479642]
[114.13983143818066, 22.691120115757016]
[114.14003160769376, 22.690624158638805]
[114.14043194671991, 22.690624158638805]
[114.14063211623301, 22.690458839599405]
[114.14123262477226, 22.690458839599405]
[114.14223347233767, 22.68963224440239]
[114.14243364185076, 22.68963224440239]
[114.14283398087692, 22.689301606323582]
[114.14283398087692, 22.689136287284178]
[114.14343448941617, 22.68864033016597]
[114.14343448941617, 22.688475011126567]
[114.14403499795542, 22.68797905400836]
[114.14403499795542, 22.687813734968955]
[114.14523601503392, 22.687813734968955]
[114.14543618454701, 22.68797905400836]
[114.14563635406009, 22.68797905400836]
[114.14603669308626, 22.688309692087167]
[114.14603669308626, 22.688475011126567]
[114.14663720162551, 22.688970968244778]
[114.14663720162551, 22.689136287284178]
[114.14683737113859, 22.689301606323582]
[114.14683737113859, 22.69029352056]
[114.14643703211242, 22.690624158638805]
[114.14623686259934, 22.690624158638805]
[114.14463550649467, 22.69194671095403]
[114.14463550649467, 22.692277349032835]
[114.14443533698159, 22.69244266807224]
[114.14443533698159, 22.692938625190447]
[114.14463550649467, 22.69310394422985]
[114.14483567600776, 22.69310394422985]
[114.14483567600776, 22.693765220387462]
[114.14423516746851, 22.694261177505673]
[114.14383482844234, 22.694261177505673]
[114.14323431990309, 22.694591815584477]
[114.14203330282459, 22.694591815584477]
[114.14183313331151, 22.69475713462388]
[114.14003160769376, 22.69475713462388]
Polygon 39 vertices:
[114.251125687455, 22.697071601175523]
[114.25052517891575, 22.697236920214927]
[114.24972450086342, 22.697732877333134]
[114.24852348378492, 22.697732877333134]
[114.24812314475875, 22.69690628213612]
[114.24772280573258, 22.696575644057315]
[114.24592128011483, 22.6957490488603]
[114.24431992401017, 22.695583729820896]
[114.24311890693167, 22.694922453663285]
[114.2427185679055, 22.695583729820896]
[114.2427185679055, 22.69641032501791]
[114.24291873741859, 22.696575644057315]
[114.24291873741859, 22.698063515411942]
[114.24211805936625, 22.698063515411942]
[114.24051670326159, 22.69690628213612]
[114.2403165337485, 22.69690628213612]
[114.23951585569617, 22.695418410781492]
[114.23891534715692, 22.694922453663285]
[114.23891534715692, 22.69409585846627]
[114.2379144995915, 22.693434582308658]
[114.23711382153917, 22.69310394422985]
[114.236713482513, 22.69310394422985]
[114.236713482513, 22.69244266807224]
[114.23731399105225, 22.691616072875224]
[114.23731399105225, 22.69128543479642]
[114.23831483861767, 22.690624158638805]
[114.23971602520925, 22.690624158638805]
[114.24091704228775, 22.691120115757016]
[114.241517550827, 22.690624158638805]
[114.24191788985317, 22.690624158638805]
[114.24211805936625, 22.690458839599405]
[114.24311890693167, 22.690458839599405]
[114.24351924595784, 22.69078947767821]
[114.24351924595784, 22.69145075383582]
[114.24331907644475, 22.691616072875224]
[114.24331907644475, 22.69211202999343]
[114.243919584984, 22.69244266807224]
[114.24592128011483, 22.69244266807224]
[114.24692212768025, 22.693269263269254]
[114.24852348378492, 22.693930539426866]
[114.25012483988958, 22.694922453663285]
[114.25092551794192, 22.69508777270269]
[114.251125687455, 22.697071601175523]
Polygon 40 vertices:
[114.03814532553433, 22.7012045771606]
[114.03794515602125, 22.701039258121195]
[114.03774498650817, 22.701039258121195]
[114.03754481699508, 22.70087393908179]
[114.03754481699508, 22.700708620042388]
[114.037344647482, 22.700543301002984]
[114.037344647482, 22.69922074868776]
[114.03754481699508, 22.699055429648357]
[114.03754481699508, 22.698890110608957]
[114.03794515602125, 22.69855947253015]
[114.03874583407358, 22.69855947253015]
[114.03914617309975, 22.698890110608957]
[114.03914617309975, 22.699055429648357]
[114.03934634261283, 22.69922074868776]
[114.03934634261283, 22.699386067727165]
[114.03954651212592, 22.69955138676657]
[114.03954651212592, 22.699716705805972]
[114.039746681639, 22.699882024845373]
[114.039746681639, 22.700047343884776]
[114.03994685115208, 22.70021266292418]
[114.03994685115208, 22.70087393908179]
[114.039746681639, 22.70087393908179]
[114.03954651212592, 22.701039258121195]
[114.03914617309975, 22.701039258121195]
[114.03894600358667, 22.7012045771606]
[114.03814532553433, 22.7012045771606]
Polygon 41 vertices:
[114.35801620744151, 22.705172234106268]
[114.35781603792842, 22.70533755314567]
[114.35701535987609, 22.70533755314567]
[114.35681519036301, 22.705172234106268]
[114.35661502084992, 22.70533755314567]
[114.35541400377141, 22.70533755314567]
[114.35481349523216, 22.70467627698806]
[114.35461332571909, 22.70467627698806]
[114.35141061350976, 22.702361810436418]
[114.35141061350976, 22.702196491397014]
[114.35060993545741, 22.7013698962]
[114.35020959643126, 22.700543301002984]
[114.34940891837891, 22.699882024845373]
[114.347207053735, 22.699882024845373]
[114.34700688422191, 22.699716705805972]
[114.34620620616958, 22.69955138676657]
[114.3460060366565, 22.699055429648357]
[114.34560569763033, 22.698724791569553]
[114.34560569763033, 22.698063515411942]
[114.34580586714341, 22.697732877333134]
[114.34620620616958, 22.69740223925433]
[114.34700688422191, 22.69740223925433]
[114.34780756227426, 22.698063515411942]
[114.34800773178733, 22.697898196372538]
[114.34800773178733, 22.697071601175523]
[114.3484080708135, 22.696575644057315]
[114.34980925740508, 22.696575644057315]
[114.35000942691816, 22.69641032501791]
[114.35060993545741, 22.69641032501791]
[114.35121044399666, 22.696079686939104]
[114.35301196961441, 22.696079686939104]
[114.35361247815366, 22.69641032501791]
[114.35441315620601, 22.696575644057315]
[114.35481349523216, 22.697071601175523]
[114.35481349523216, 22.69740223925433]
[114.35541400377141, 22.69855947253015]
[114.35601451231067, 22.699055429648357]
[114.35821637695459, 22.69922074868776]
[114.35841654646767, 22.699716705805972]
[114.35901705500692, 22.700377981963584]
[114.35901705500692, 22.70186585331821]
[114.35881688549384, 22.702031172357614]
[114.35781603792842, 22.702031172357614]
[114.35761586841534, 22.702196491397014]
[114.35761586841534, 22.702692448515226]
[114.35721552938917, 22.70302308659403]
[114.35801620744151, 22.704345638909253]
[114.35801620744151, 22.705172234106268]
Polygon 42 vertices:
[114.39304587223108, 22.707156062579106]
[114.39124434661333, 22.707156062579106]
[114.39004332953483, 22.706660105460895]
[114.3892426514825, 22.706660105460895]
[114.38904248196941, 22.706494786421494]
[114.388041634404, 22.706494786421494]
[114.38724095635166, 22.706164148342687]
[114.38704078683858, 22.705502872185075]
[114.3868406173255, 22.70533755314567]
[114.38603993927318, 22.70533755314567]
[114.38403824414233, 22.70401500083045]
[114.38383807462925, 22.70351904371224]
[114.38343773560308, 22.703188405633433]
[114.38343773560308, 22.702692448515226]
[114.38263705755075, 22.702361810436418]
[114.38263705755075, 22.702031172357614]
[114.38163620998533, 22.7013698962]
[114.38163620998533, 22.701039258121195]
[114.38143604047225, 22.70087393908179]
[114.38143604047225, 22.700047343884776]
[114.38243688803767, 22.699386067727165]
[114.38403824414233, 22.699386067727165]
[114.38423841365542, 22.699716705805972]
[114.38463875268158, 22.699716705805972]
[114.38543943073392, 22.69922074868776]
[114.38543943073392, 22.698724791569553]
[114.38624010878625, 22.698724791569553]
[114.38644027829933, 22.699386067727165]
[114.3868406173255, 22.699716705805972]
[114.388041634404, 22.699716705805972]
[114.38824180391708, 22.700047343884776]
[114.38824180391708, 22.700543301002984]
[114.38844197343016, 22.700708620042388]
[114.38884231245633, 22.700708620042388]
[114.38904248196941, 22.700543301002984]
[114.39004332953483, 22.700543301002984]
[114.390443668561, 22.700708620042388]
[114.390443668561, 22.70302308659403]
[114.38984316002175, 22.70401500083045]
[114.39024349904791, 22.704345638909253]
[114.39084400758716, 22.704510957948656]
[114.392845702718, 22.705998829303283]
[114.39304587223108, 22.705998829303283]
[114.39304587223108, 22.707156062579106]
Polygon 43 vertices:
[114.24712229719333, 22.704510957948656]
[114.24592128011483, 22.702857767554626]
[114.24592128011483, 22.700377981963584]
[114.24712229719333, 22.698890110608957]
[114.24812314475875, 22.69855947253015]
[114.24972450086342, 22.698724791569553]
[114.25012483988958, 22.698063515411942]
[114.25212653502042, 22.697898196372538]
[114.25292721307275, 22.698394153490746]
[114.2547287386905, 22.69690628213612]
[114.25813162041293, 22.69690628213612]
[114.26093399359608, 22.694261177505673]
[114.26293568872691, 22.694591815584477]
[114.26373636677926, 22.696245005978508]
[114.26613840093626, 22.69855947253015]
[114.26613840093626, 22.699386067727165]
[114.26533772288391, 22.700377981963584]
[114.26333602775308, 22.7012045771606]
[114.26133433262225, 22.701039258121195]
[114.25693060333442, 22.698890110608957]
[114.25552941674283, 22.69955138676657]
[114.25733094236058, 22.700708620042388]
[114.25773128138675, 22.7013698962]
[114.25773128138675, 22.703188405633433]
[114.25893229846525, 22.703849681791045]
[114.2595328070045, 22.705006915066868]
[114.26053365456991, 22.70533755314567]
[114.26133433262225, 22.704345638909253]
[114.26093399359608, 22.702196491397014]
[114.26253534970076, 22.702031172357614]
[114.26293568872691, 22.702361810436418]
[114.26333602775308, 22.70351904371224]
[114.26313585824, 22.707156062579106]
[114.26213501067458, 22.708643933933732]
[114.26133433262225, 22.70913989105194]
[114.25653026430825, 22.70913989105194]
[114.25312738258583, 22.706990743539702]
[114.251125687455, 22.704841596027464]
[114.24972450086342, 22.705502872185075]
[114.24892382281108, 22.705502872185075]
[114.24712229719333, 22.704510957948656]
Polygon 44 vertices:
[114.02933786695867, 22.70980116720955]
[114.02913769744559, 22.70963584817015]
[114.02913769744559, 22.709305210091344]
[114.0289375279325, 22.70913989105194]
[114.0289375279325, 22.708974572012536]
[114.02873735841942, 22.708809252973136]
[114.02873735841942, 22.708643933933732]
[114.02853718890634, 22.70847861489433]
[114.02853718890634, 22.707817338736717]
[114.02873735841942, 22.707817338736717]
[114.0289375279325, 22.707652019697314]
[114.02913769744559, 22.707652019697314]
[114.02933786695867, 22.70748670065791]
[114.02973820598484, 22.70748670065791]
[114.030138545011, 22.707156062579106]
[114.03033871452409, 22.707156062579106]
[114.03053888403717, 22.706990743539702]
[114.0313395620895, 22.706990743539702]
[114.0313395620895, 22.707652019697314]
[114.03113939257642, 22.707652019697314]
[114.03093922306334, 22.707817338736717]
[114.03113939257642, 22.70798265777612]
[114.03113939257642, 22.708974572012536]
[114.03073905355025, 22.709305210091344]
[114.03073905355025, 22.709470529130748]
[114.03053888403717, 22.70963584817015]
[114.03053888403717, 22.709966486248955]
[114.02973820598484, 22.709966486248955]
[114.02953803647175, 22.70980116720955]
[114.02933786695867, 22.70980116720955]
Polygon 45 vertices:
[114.34880840983966, 22.71343818607642]
[114.3484080708135, 22.713107547997613]
[114.3484080708135, 22.71294222895821]
[114.34820790130041, 22.712776909918805]
[114.34820790130041, 22.711454357603582]
[114.3484080708135, 22.71128903856418]
[114.34940891837891, 22.71128903856418]
[114.349609087892, 22.711454357603582]
[114.34980925740508, 22.711454357603582]
[114.35000942691816, 22.711619676642986]
[114.35040976594433, 22.711619676642986]
[114.35060993545741, 22.71178499568239]
[114.35060993545741, 22.71294222895821]
[114.35040976594433, 22.713107547997613]
[114.35040976594433, 22.713272867037016]
[114.35020959643126, 22.71343818607642]
[114.34880840983966, 22.71343818607642]
Polygon 46 vertices:
[114.13062364057883, 22.706990743539702]
[114.13062364057883, 22.706164148342687]
[114.13122414911808, 22.705172234106268]
[114.13482720035358, 22.705006915066868]
[114.13482720035358, 22.702361810436418]
[114.13642855645826, 22.70186585331821]
[114.13762957353676, 22.70186585331821]
[114.14043194671991, 22.700543301002984]
[114.14163296379841, 22.700543301002984]
[114.14403499795542, 22.701700534278807]
[114.14523601503392, 22.701700534278807]
[114.14723771016476, 22.702527129475822]
[114.15044042237409, 22.70021266292418]
[114.15104093091334, 22.69756755829373]
[114.15204177847875, 22.696740963096715]
[114.15404347360959, 22.696740963096715]
[114.15464398214884, 22.69740223925433]
[114.15484415166192, 22.70021266292418]
[114.15444381263575, 22.701039258121195]
[114.152642287018, 22.702361810436418]
[114.15244211750492, 22.703188405633433]
[114.15304262604417, 22.70401500083045]
[114.15304262604417, 22.70467627698806]
[114.15124110042642, 22.705502872185075]
[114.14983991383484, 22.70732138161851]
[114.14883906626942, 22.70748670065791]
[114.15004008334792, 22.70798265777612]
[114.14983991383484, 22.70913989105194]
[114.14823855773017, 22.70913989105194]
[114.14683737113859, 22.710462443367163]
[114.14743787967784, 22.71079308144597]
[114.14723771016476, 22.71178499568239]
[114.14643703211242, 22.71195031472179]
[114.14543618454701, 22.71343818607642]
[114.14463550649467, 22.71343818607642]
[114.14443533698159, 22.712280952800597]
[114.14303415039001, 22.711619676642986]
[114.14063211623301, 22.712115633761194]
[114.13903076012834, 22.712115633761194]
[114.13863042110216, 22.71178499568239]
[114.13863042110216, 22.71079308144597]
[114.14063211623301, 22.709305210091344]
[114.13903076012834, 22.706494786421494]
[114.13662872597133, 22.707652019697314]
[114.13542770889283, 22.708643933933732]
[114.13322584424893, 22.708313295854925]
[114.13062364057883, 22.706990743539702]
Polygon 47 vertices:
[114.22830636296351, 22.721042861888957]
[114.22770585442426, 22.721208180928357]
[114.2235022946495, 22.721208180928357]
[114.22270161659716, 22.721538819007165]
[114.22090009097941, 22.721538819007165]
[114.21909856536166, 22.720546904770746]
[114.21689670071775, 22.720546904770746]
[114.21609602266543, 22.720216266691942]
[114.21469483607383, 22.719224352455523]
[114.21369398850842, 22.7180671191797]
[114.21329364948225, 22.71690988590388]
[114.21349381899533, 22.712776909918805]
[114.21429449704767, 22.71244627184]
[114.21529534461308, 22.71244627184]
[114.21589585315233, 22.712776909918805]
[114.21929873487476, 22.709966486248955]
[114.21969907390091, 22.706990743539702]
[114.22009941292708, 22.70632946738209]
[114.22190093854483, 22.70632946738209]
[114.22330212513641, 22.706990743539702]
[114.2235022946495, 22.708313295854925]
[114.22550398978034, 22.709966486248955]
[114.22590432880651, 22.71079308144597]
[114.22590432880651, 22.711454357603582]
[114.22510365075416, 22.71195031472179]
[114.22510365075416, 22.71244627184]
[114.22430297270184, 22.713934143194628]
[114.22450314221491, 22.71409946223403]
[114.22490348124109, 22.713768824155224]
[114.22630466783266, 22.713934143194628]
[114.22750568491116, 22.71558733358866]
[114.22930721052892, 22.716579247825074]
[114.23010788858126, 22.717571162061493]
[114.23010788858126, 22.71856307629791]
[114.22870670198967, 22.71955499053433]
[114.22870670198967, 22.72071222381015]
[114.22830636296351, 22.721042861888957]
Polygon 48 vertices:
[114.11200787586209, 22.727655623465076]
[114.111807706349, 22.72749030442567]
[114.111807706349, 22.726994347307464]
[114.11140736732284, 22.726498390189253]
[114.11020635024434, 22.726498390189253]
[114.10740397706117, 22.725341156913434]
[114.1058026209565, 22.72401860459821]
[114.10560245144342, 22.721208180928357]
[114.10540228193034, 22.721042861888957]
[114.10540228193034, 22.718893714376716]
[114.10560245144342, 22.718728395337315]
[114.10560245144342, 22.718232438219104]
[114.10740397706117, 22.7180671191797]
[114.10780431608734, 22.718397757258508]
[114.10900533316584, 22.718893714376716]
[114.10900533316584, 22.71972030957373]
[114.10920550267892, 22.719885628613135]
[114.11100702829667, 22.719885628613135]
[114.11120719780975, 22.71972030957373]
[114.11020635024434, 22.718232438219104]
[114.11020635024434, 22.717571162061493]
[114.11160753683592, 22.716579247825074]
[114.11260838440134, 22.716579247825074]
[114.11280855391442, 22.716744566864477]
[114.11501041855834, 22.71724052398269]
[114.11561092709759, 22.717571162061493]
[114.11601126612375, 22.717571162061493]
[114.11681194417609, 22.7179018001403]
[114.11741245271534, 22.718397757258508]
[114.11741245271534, 22.721208180928357]
[114.11721228320225, 22.721538819007165]
[114.11621143563684, 22.72170413804657]
[114.11601126612375, 22.721869457085972]
[114.11581109661067, 22.724349242677015]
[114.11561092709759, 22.72451456171642]
[114.1154107575845, 22.725506475952837]
[114.11481024904525, 22.72616775211045]
[114.11461007953217, 22.726663709228657]
[114.11280855391442, 22.727655623465076]
[114.11200787586209, 22.727655623465076]
Polygon 49 vertices:
[114.27414518145959, 22.728316899622687]
[114.27314433389417, 22.728316899622687]
[114.27214348632876, 22.727324985386268]
[114.27234365584184, 22.725010518834626]
[114.27194331681567, 22.72418392363761]
[114.27034196071101, 22.72302669036179]
[114.26974145217176, 22.72302669036179]
[114.26934111314559, 22.719224352455523]
[114.267939926554, 22.716413928785673]
[114.26814009606709, 22.71525669550985]
[114.26753958752784, 22.71459541935224]
[114.26693907898859, 22.71244627184]
[114.26633857044934, 22.71178499568239]
[114.26633857044934, 22.710958400485374]
[114.26533772288391, 22.710627762406567]
[114.265537892397, 22.70980116720955]
[114.27074229973717, 22.710462443367163]
[114.27074229973717, 22.711123719524778]
[114.27114263876334, 22.711454357603582]
[114.27274399486801, 22.711619676642986]
[114.27594670707734, 22.710297124327763]
[114.27794840220817, 22.710462443367163]
[114.2787490802605, 22.711123719524778]
[114.2787490802605, 22.71178499568239]
[114.27714772415584, 22.71294222895821]
[114.27674738512967, 22.713768824155224]
[114.27594670707734, 22.71409946223403]
[114.27654721561659, 22.71459541935224]
[114.27654721561659, 22.71525669550985]
[114.27614687659042, 22.715752652628062]
[114.27654721561659, 22.715917971667462]
[114.2763470461035, 22.717075204943285]
[114.27674738512967, 22.71740584302209]
[114.27774823269509, 22.71740584302209]
[114.277548063182, 22.71905903341612]
[114.27674738512967, 22.71955499053433]
[114.27694755464275, 22.72236541420418]
[114.27654721561659, 22.722696052282984]
[114.27734789366892, 22.7233573284406]
[114.27734789366892, 22.72616775211045]
[114.27414518145959, 22.728316899622687]
Polygon 50 vertices:
[114.08198244889958, 22.736417532553432]
[114.08198244889958, 22.73459902312]
[114.08218261841267, 22.734433704080597]
[114.08338363549117, 22.734433704080597]
[114.08358380500425, 22.73459902312]
[114.08438448305658, 22.73459902312]
[114.08458465256967, 22.734433704080597]
[114.08458465256967, 22.73393774696239]
[114.08518516110892, 22.733772427922986]
[114.08558550013508, 22.73344178984418]
[114.08718685623975, 22.73344178984418]
[114.08738702575283, 22.73327647080478]
[114.08738702575283, 22.731623280410748]
[114.0889883818575, 22.730962004253136]
[114.0913904160145, 22.730962004253136]
[114.09239126357991, 22.731457961371344]
[114.09239126357991, 22.732615194647163]
[114.092591433093, 22.732780513686567]
[114.09339211114533, 22.732780513686567]
[114.0937924501715, 22.73327647080478]
[114.09499346725, 22.73327647080478]
[114.09499346725, 22.73459902312]
[114.09399261968458, 22.73559093735642]
[114.09399261968458, 22.735921575435224]
[114.09239126357991, 22.735921575435224]
[114.09239126357991, 22.735425618317016]
[114.09199092455376, 22.73509498023821]
[114.09159058552758, 22.735425618317016]
[114.09159058552758, 22.73559093735642]
[114.09078990747525, 22.73559093735642]
[114.09058973796218, 22.73509498023821]
[114.090189398936, 22.734764342159405]
[114.08998922942293, 22.734929661198805]
[114.08978905990983, 22.73575625639582]
[114.08878821234443, 22.73575625639582]
[114.08838787331825, 22.735425618317016]
[114.08818770380518, 22.73575625639582]
[114.08798753429208, 22.73575625639582]
[114.08738702575283, 22.73625221351403]
[114.0865863477005, 22.73625221351403]
[114.08638617818742, 22.736417532553432]
[114.08638617818742, 22.73740944678985]
[114.08458465256967, 22.73740944678985]
[114.08438448305658, 22.737244127750447]
[114.08438448305658, 22.736913489671643]
[114.08398414403042, 22.736582851592836]
[114.08318346597808, 22.73674817063224]
[114.082983296465, 22.736913489671643]
[114.08218261841267, 22.736913489671643]
[114.08218261841267, 22.736582851592836]
[114.08198244889958, 22.736417532553432]
Polygon 51 vertices:
[113.89762632734984, 22.74732858915403]
[113.89522429319284, 22.74732858915403]
[113.89502412367975, 22.747163270114626]
[113.89382310660126, 22.747163270114626]
[113.89362293708817, 22.746997951075226]
[113.89242192000967, 22.746997951075226]
[113.89222175049659, 22.746832632035822]
[113.89102073341809, 22.746832632035822]
[113.89062039439192, 22.74666731299642]
[113.88901903828726, 22.744848803562984]
[113.88921920780034, 22.743195613168957]
[113.88961954682651, 22.742699656050746]
[113.88961954682651, 22.74220369893254]
[113.88941937731342, 22.742038379893135]
[113.88821836023492, 22.74187306085373]
[113.88801819072184, 22.74170774181433]
[113.88661700413026, 22.741377103735523]
[113.88641683461717, 22.741046465656716]
[113.88641683461717, 22.739889232380897]
[113.88621666510409, 22.739723913341493]
[113.88621666510409, 22.73906263718388]
[113.88681717364334, 22.73906263718388]
[113.88761785169567, 22.738731999105074]
[113.88821836023492, 22.738731999105074]
[113.88961954682651, 22.738236041986866]
[113.89062039439192, 22.738236041986866]
[113.89082056390501, 22.73840136102627]
[113.89142107244426, 22.73840136102627]
[113.89282225903584, 22.738897318144478]
[113.89342276757509, 22.738897318144478]
[113.89342276757509, 22.73955859430209]
[113.89282225903584, 22.73955859430209]
[113.89262208952276, 22.739723913341493]
[113.89142107244426, 22.739723913341493]
[113.89022005536576, 22.740385189499104]
[113.89022005536576, 22.74071582757791]
[113.89082056390501, 22.74121178469612]
[113.89162124195734, 22.741377103735523]
[113.89322259806201, 22.74286497509015]
[113.89362293708817, 22.74352625124776]
[113.895624632219, 22.745179441641792]
[113.8968256492975, 22.745840717799403]
[113.8968256492975, 22.746006036838807]
[113.89762632734984, 22.74666731299642]
[113.89762632734984, 22.74732858915403]
Polygon 52 vertices:
[113.89582480173209, 22.78717047765015]
[113.89542446270592, 22.786839839571343]
[113.89522429319284, 22.786839839571343]
[113.89422344562742, 22.786013244374328]
[113.89422344562742, 22.785847925334927]
[113.89382310660126, 22.78551728725612]
[113.89382310660126, 22.7843600539803]
[113.89482395416667, 22.783533458783285]
[113.89482395416667, 22.78336813974388]
[113.895624632219, 22.78270686358627]
[113.895624632219, 22.78204558742866]
[113.89582480173209, 22.781880268389255]
[113.89582480173209, 22.780888354152836]
[113.89602497124517, 22.780723035113432]
[113.89742615783675, 22.780723035113432]
[113.89782649686292, 22.78105367319224]
[113.898026666376, 22.78105367319224]
[113.89862717491525, 22.781384311271047]
[113.89902751394142, 22.781384311271047]
[113.89902751394142, 22.781549630310447]
[113.8992276834545, 22.78171494934985]
[113.8992276834545, 22.783037501665074]
[113.89942785296759, 22.783202820704478]
[113.89942785296759, 22.784690692059105]
[113.8992276834545, 22.78485601109851]
[113.8992276834545, 22.785021330137912]
[113.89902751394142, 22.785186649177312]
[113.89902751394142, 22.785351968216716]
[113.89862717491525, 22.785847925334927]
[113.89782649686292, 22.785847925334927]
[113.89782649686292, 22.785682606295524]
[113.89762632734984, 22.78551728725612]
[113.89762632734984, 22.785351968216716]
[113.89742615783675, 22.785186649177312]
[113.89722598832367, 22.785186649177312]
[113.89702581881059, 22.785351968216716]
[113.89702581881059, 22.785847925334927]
[113.89722598832367, 22.786013244374328]
[113.89722598832367, 22.786839839571343]
[113.8968256492975, 22.78717047765015]
[113.89582480173209, 22.78717047765015]
